1 2
2 1
2 3
3 2
3 4
4 75
4 3
5 10
5 6
6 5
6 7
7 27
7 6
8 9
8 19
9 8
9 10
9 26
9 20
10 9
10 5
11 18
11 12
12 16
12 11
13 14
13 15
14 17
14 13
15 16
15 13
16 12
16 15
17 14
17 55
18 19
18 11
19 8
19 18
20 9
20 21
21 25
21 20
22 25
22 23
23 24
23 22
24 23
25 21
25 22
26 9
27 28
27 7
28 27
28 29
29 28
29 30
30 33
30 29
31 32
31 33
32 31
33 30
33 31
34 49
34 35
35 34
35 36
36 35
36 37
37 36
37 38
38 37
39 40
39 52
40 41
40 39
41 40
41 42
42 41
42 43
43 42
43 44
44 43
44 45
45 48
45 44
46 48
46 47
47 49
47 46
48 45
48 46
49 34
49 47
50 51
50 54
51 50
51 52
52 51
52 39
53 54
54 50
54 53
55 56
55 17
56 60
56 55
57 58
57 60
58 57
58 59
59 58
59 61
60 56
60 57
61 64
61 59
62 64
62 63
63 65
63 62
64 61
64 62
65 66
65 63
66 65
66 67
67 66
67 68
68 67
68 69
69 68
69 70
70 69
70 71
71 72
71 70
72 81
72 71
73 74
73 91
74 104
74 73
75 4
75 78
76 77
76 78
77 76
77 79
78 75
78 76
79 80
79 77
80 79
81 72
81 82
82 81
82 83
83 82
83 84
84 83
84 85
85 128
85 84
86 88
86 87
87 89
87 86
88 99
88 92
88 86
89 90
89 87
90 89
90 91
91 73
91 90
92 88
93 94
93 95
94 96
94 93
95 93
95 102
96 97
96 94
97 96
97 98
98 97
98 99
99 88
99 98
100 101
100 103
101 100
101 102
102 101
102 95
103 100
104 105
104 74
105 104
106 122
106 107
107 106
107 108
108 107
108 111
109 112
109 110
110 117
110 109
111 112
111 108
112 109
112 111
113 114
113 116
114 113
114 115
115 114
115 138
116 113
117 110
118 125
118 119
119 123
119 118
120 121
121 120
121 122
122 121
122 106
123 124
123 119
124 129
124 123
125 118
126 127
127 128
127 126
128 85
128 127
129 130
129 124
130 129
130 131
131 130
131 132
132 131
132 133
133 132
133 134
134 133
134 135
135 136
135 134
136 137
136 135
137 136
138 115
