-807558.2415553108 -1083474.283921726 -806520.2105997838 -1082398.5459269881 1
-806520.2105997838 -1082398.5459269881 -806220.5434165187 -1081679.2349191494 1
-806220.5434165187 -1081679.2349191494 -803307.7924209237 -1079227.170260936 1
-803307.7924209237 -1079227.170260936 -803298.7296627313 -1079138.5489224494 1
-802511.8446245417 -1078346.1894537471 -800919.4929165505 -1076645.4681194983 1
-795650.2471989654 -1074660.243163336 -794617.6267619431 -1073778.4877285957 1
-794617.6267619431 -1073778.4877285957 -793348.0373490751 -1072591.4434728958 1
-797036.6976298839 -1075118.2455454692 -795650.2471989654 -1074660.243163336 1
-800919.4929165505 -1076645.4681194983 -797036.6976298839 -1075118.2455454692 1
-802987.1336342543 -1079027.9573933557 -802511.8446245417 -1078346.1894537471 1
-793348.0373490751 -1072591.4434728958 -791621.4159339927 -1071139.1051711552 1
-803083.4048563801 -1079062.125872437 -802987.1336342543 -1079027.9573933557 1
-803298.7296627313 -1079138.5489224494 -803083.4048563801 -1079062.125872437 1
-792563.6420853809 -1067385.3660477996 -791431.2708886713 -1066960.8780070543 1
-791431.2708886713 -1066960.8780070543 -788148.8905355483 -1067178.1872289851 1
-792878.2557736263 -1070567.3589658402 -793348.0373490751 -1072591.4434728958 1
-793348.0373490751 -1072591.4434728958 -792626.8032183275 -1073740.9607256837 1
-792626.8032183275 -1073740.9607256837 -789331.5204968601 -1072558.8837953582 1
-797610.5599165037 -1069337.0635658503 -797708.8675918579 -1069908.512737468 1
-797708.8675918579 -1069908.512737468 -797690.6772903465 -1070386.54489962 1
-797690.6772903465 -1070386.54489962 -797314.1580084004 -1071715.85903975 1
-799381.9770161696 -1070568.8689307757 -797690.6772903465 -1070386.54489962 1
-795650.2471989654 -1074660.243163336 -795898.416492939 -1075757.0490717255 1
-795898.416492939 -1075757.0490717255 -795491.3352203853 -1076319.5809460953 1
-806494.9489405714 -1072643.9519053884 -804663.8825507723 -1074784.750572566 1
-804663.8825507723 -1074784.750572566 -804751.7942214571 -1075198.0582022034 1
-804343.0163119994 -1075842.4346463382 -803298.7296627313 -1079138.5489224494 1
-804751.7942214571 -1075198.0582022034 -804343.0163119994 -1075842.4346463382 1
-803307.7924209237 -1079227.170260936 -803180.1856283695 -1079403.3012880012 1
-803180.1856283695 -1079403.3012880012 -800086.7667259872 -1080869.3932451308 1
-800086.7667259872 -1080869.3932451308 -799379.4678585269 -1081458.7507021464 1
-797036.6976298839 -1075118.2455454692 -795898.416492939 -1075757.0490717255 1
-800919.4929165505 -1076645.4681194983 -801459.6391722411 -1076293.084702395 1
-801459.6391722411 -1076293.084702395 -804663.8825507723 -1074784.750572566 1
-808554.9998449422 -1081739.9998755231 -808050.7529313415 -1081601.466049809 1
-812478.8311833628 -1083179.831504602 -808876.4706284814 -1082094.8900055476 1
-808876.4706284814 -1082094.8900055476 -808554.9998449422 -1081739.9998755231 1
-808050.7529313415 -1081601.466049809 -806598.7968793064 -1080496.9596171193 1
-806220.5434165187 -1081679.2349191494 -806598.7968793064 -1080496.9596171193 1
-806565.9497723393 -1073439.5939369276 -806717.9155979045 -1072807.6520461664 1
-806623.4576608315 -1073712.0405403562 -806565.9497723393 -1073439.5939369276 1
-806598.7968793064 -1080496.9596171193 -806541.7760143131 -1074199.5755106173 1
-806485.4517203979 -1074059.4959222563 -806540.2643031478 -1073903.9875202365 1
-806540.2643031478 -1073903.9875202365 -806623.4576608315 -1073712.0405403562 1
-806541.7760143131 -1074199.5755106173 -806485.4517203979 -1074059.4959222563 1
-806485.4517203979 -1074059.4959222563 -804751.7942214571 -1075198.0582022034 1
-808050.7529313415 -1081601.466049809 -806520.2105997838 -1082398.5459269881 1
-804157.3788097426 -1084831.5361675285 -802220.6428142488 -1083824.256319303 1
-804414.6831558235 -1084904.0775232501 -803944.1344616115 -1081868.0521313064 1
-803944.1344616115 -1081868.0521313064 -803168.5670881979 -1081313.2389420308 1
-796111.3817935437 -1068870.5025620759 -795812.9938982539 -1069504.2367831357 1
-792878.2557736263 -1070567.3589658402 -791820.6946344338 -1069985.6122769155 1
-795807.2203385681 -1069629.92411986 -792878.2557736263 -1070567.3589658402 1
-795812.9938982539 -1069504.2367831357 -795807.2203385681 -1069629.92411986 1
-791833.3017153144 -1069895.561998561 -791081.5612986833 -1070600.9735408202 1
-791820.6946344338 -1069985.6122769155 -791833.3017153144 -1069895.561998561 1
-795807.2203385681 -1069629.92411986 -795810.8421938606 -1073141.5547637343 1
-792367.6513610817 -1065561.7857452817 -792205.3158989213 -1066032.3739042915 1
-792715.7531972677 -1068070.8487421274 -791833.3017153144 -1069895.561998561 1
-792205.3158989213 -1066032.3739042915 -792563.6420853809 -1067385.3660477996 1
-792563.6420853809 -1067385.3660477996 -792715.7531972677 -1068070.8487421274 1
-794668.4570675679 -1067851.9019058645 -793615.5140077844 -1067816.6397630423 1
-793615.5140077844 -1067816.6397630423 -792715.7531972677 -1068070.8487421274 1
-809533.2088082023 -1081330.0816779844 -808554.9998449422 -1081739.9998755231 1
-802220.6428142488 -1083824.256319303 -802134.9699848294 -1083575.154189352 1
-802485.7503629513 -1085883.5827129148 -802220.6428142488 -1083824.256319303 1
-802134.9699848294 -1083575.154189352 -802264.4822633751 -1082908.0332763083 1
-803127.2629901618 -1081565.716534242 -803168.5670881979 -1081313.2389420308 1
-803137.5135338865 -1081149.42250235 -803180.0064651892 -1079732.5544940233 1
-803180.0064651892 -1079732.5544940233 -803180.1856283695 -1079403.3012880012 1
-803168.5670881979 -1081313.2389420308 -803137.5135338865 -1081149.42250235 1
-802955.1126686186 -1081931.9349810407 -803127.2629901618 -1081565.716534242 1
-802264.4822633751 -1082908.0332763083 -802955.1126686186 -1081931.9349810407 1
-802134.9699848294 -1083575.154189352 -801154.331492003 -1083513.5386444293 1
-801154.331492003 -1083513.5386444293 -801357.0977626629 -1083298.819255963 1
-801357.0977626629 -1083298.819255963 -800720.3387222961 -1081442.3226957768 1
-800720.3387222961 -1081442.3226957768 -800086.7667259872 -1080869.3932451308 1
-801154.331492003 -1083513.5386444293 -799762.8482520953 -1084559.212847922 1
-802264.4822633751 -1082908.0332763083 -801357.0977626629 -1083298.819255963 1
-802955.1126686186 -1081931.9349810407 -801949.8823703453 -1081720.373125352 1
-811146.0987983383 -1075873.3027510382 -813828.627202414 -1073974.4248436354 1
-807957.1457574405 -1072673.0208694972 -807939.1189030409 -1072494.9152057394 1
-814451.6643687822 -1079010.0999232456 -811146.0987983383 -1075873.3027510382 1
-811146.0987983383 -1075873.3027510382 -807957.1457574405 -1072673.0208694972 1
-807939.1189030409 -1072494.9152057394 -808128.7655743659 -1071285.3774143606 1
-808128.7655743659 -1071285.3774143606 -808094.8379003778 -1071105.188323792 1
-811354.0931064859 -1060330.4978255108 -806524.1958454996 -1061585.3686163872 1
-806554.382571321 -1067967.6615767628 -806747.4495830163 -1068731.7708885223 1
-806747.4495830163 -1068731.7708885223 -806622.4495623522 -1072452.9157589898 1
-806455.1244230717 -1054705.6067334972 -806795.936098963 -1057402.6143514551 1
-805526.9934896231 -1063627.8030303642 -806554.382571321 -1067967.6615767628 1
-806577.313362956 -1062022.6755556911 -806204.2240256444 -1062555.4783910774 1
-806204.2240256444 -1062555.4783910774 -805526.9934896231 -1063627.8030303642 1
-806524.1958454996 -1061585.3686163872 -806577.313362956 -1062022.6755556911 1
-806795.936098963 -1057402.6143514551 -806524.1958454996 -1061585.3686163872 1
-798740.377775956 -1067310.8765980788 -797170.4555170126 -1068873.8010156006 1
-797170.4555170126 -1068873.8010156006 -797173.9890130758 -1069117.1411109827 1
-804733.4228359126 -1062280.2676804513 -800598.3111340478 -1067005.2030826956 1
-800598.3111340478 -1067005.2030826956 -800199.3358603604 -1067468.308996126 1
-800199.3358603604 -1067468.308996126 -798844.4513275847 -1067198.3361018747 1
-800199.3358603604 -1067468.308996126 -799701.441730883 -1069095.0114895925 1
-810402.0400467291 -1063149.5997376926 -806577.313362956 -1062022.6755556911 1
-809651.7318878062 -1056341.5247802697 -806795.936098963 -1057402.6143514551 1
-806795.936098963 -1057402.6143514551 -805099.7381984666 -1057992.788520161 1
-806455.1244230717 -1054705.6067334972 -802783.9886063449 -1055888.2534586154 1
-802717.3470627256 -1056069.8009413667 -801208.0743343644 -1056831.4548793621 1
-802783.9886063449 -1055888.2534586154 -802717.3470627256 -1056069.8009413667 1
-808730.5947794504 -1069359.5591970123 -806747.4495830163 -1068731.7708885223 1
-802783.9886063449 -1055888.2534586154 -802305.6272798702 -1054111.5101833493 1
-802604.7978353687 -1071051.004733026 -804397.9413519539 -1069234.7603420243 1
-804397.9413519539 -1069234.7603420243 -806747.4495830163 -1068731.7708885223 1
-804397.9413519539 -1069234.7603420243 -800598.3111340478 -1067005.2030826956 1
-806554.382571321 -1067967.6615767628 -811655.6088486463 -1065793.1987416781 1
-811655.6088486463 -1065793.1987416781 -811940.4425079972 -1065496.328320112 1
-808094.8379003778 -1071105.188323792 -808730.5947794504 -1069359.5591970123 1
-808730.5947794504 -1069359.5591970123 -811655.6088486463 -1065793.1987416781 1
-805526.9934896231 -1063627.8030303642 -804733.4228359126 -1062280.2676804513 1
-804733.4228359126 -1062280.2676804513 -803956.9851415493 -1061233.3925947025 1
-806204.2240256444 -1062555.4783910774 -806806.0972357206 -1063385.087212149 1
-806806.0972357206 -1063385.087212149 -807427.0345607176 -1064152.888228394 1
-811940.4425079972 -1065496.328320112 -813443.7202547304 -1065957.5437651314 1
-807427.0345607176 -1064152.888228394 -808303.966734048 -1064248.6849998757 1
-809357.1368037052 -1064623.3450709172 -810671.724813059 -1064866.5809163786 1
-810671.724813059 -1064866.5809163786 -810814.9530284256 -1064858.7782376297 1
-808303.966734048 -1064248.6849998757 -808905.7748097479 -1064497.6737995073 1
-808905.7748097479 -1064497.6737995073 -809357.1368037052 -1064623.3450709172 1
-810814.9530284256 -1064858.7782376297 -811940.4425079972 -1065496.328320112 1
-806237.0802130066 -1061629.426344242 -806577.313362956 -1062022.6755556911 1
-805893.3030896224 -1061455.3626786694 -806237.0802130066 -1061629.426344242 1
-800668.421039354 -1059114.705213502 -804084.3509543873 -1060182.5649177358 1
-801208.0743343644 -1056831.4548793621 -801181.3282051757 -1056921.9266976006 1
-804084.3509543873 -1060182.5649177358 -805893.3030896224 -1061455.3626786694 1
-800016.1264906824 -1055419.9177614637 -801208.0743343644 -1056831.4548793621 1
-801181.3282051757 -1056921.9266976006 -800668.421039354 -1059114.705213502 1
-802305.6272798702 -1054111.5101833493 -800016.1264906824 -1055419.9177614637 1
-800016.1264906824 -1055419.9177614637 -799328.4391811937 -1056566.9628766775 1
-801181.3282051757 -1056921.9266976006 -799328.4391811937 -1056566.9628766775 1
-800668.421039354 -1059114.705213502 -798690.9648850858 -1058927.3625178114 1
-798235.9700345881 -1058687.8035338856 -795532.7924627736 -1059122.6573695242 1
-798690.9648850858 -1058927.3625178114 -798235.9700345881 -1058687.8035338856 1
-798690.9648850858 -1058927.3625178114 -797727.8870032951 -1059772.5634250343 1
-805099.7381984666 -1057992.788520161 -802717.3470627256 -1056069.8009413667 1
-804084.3509543873 -1060182.5649177358 -803956.9851415493 -1061233.3925947025 1
-797370.8649012744 -1064460.6268351749 -795691.8415203989 -1064199.4451603778 1
-795691.8415203989 -1064199.4451603778 -792334.0205461681 -1064160.0355470888 1
-803956.9851415493 -1061233.3925947025 -797370.8649012744 -1064460.6268351749 1
-797370.8649012744 -1064460.6268351749 -798844.4513275847 -1067198.3361018747 1
-799474.9618337564 -1069946.348473817 -799381.9770161696 -1070568.8689307757 1
-799381.9770161696 -1070568.8689307757 -801417.1128879488 -1075299.707986828 1
-799701.441730883 -1069095.0114895925 -799474.9618337564 -1069946.348473817 1
-801417.1128879488 -1075299.707986828 -801459.6391722411 -1076293.084702395 1
-798844.4513275847 -1067198.3361018747 -798740.377775956 -1067310.8765980788 1
-798740.377775956 -1067310.8765980788 -799701.441730883 -1069095.0114895925 1
-794524.0061420761 -1062136.773339659 -795691.8415203989 -1064199.4451603778 1
-795691.8415203989 -1064199.4451603778 -794668.4570675679 -1067851.9019058645 1
-797432.9082725048 -1052597.97420948 -796788.5068572834 -1057105.7081321739 1
-792334.0205461681 -1064160.0355470888 -791428.1790141352 -1064669.1659670323 1
-793550.4301011749 -1059123.763256874 -792667.1482869387 -1061554.7493494377 1
-795532.7924627736 -1059122.6573695242 -793550.4301011749 -1059123.763256874 1
-796788.5068572834 -1057105.7081321739 -795532.7924627736 -1059122.6573695242 1
-792667.1482869387 -1061554.7493494377 -792334.0205461681 -1064160.0355470888 1
-791428.1790141352 -1064669.1659670323 -791170.8638414294 -1065079.3373678923 1
-795754.6190066524 -1061409.339219898 -794524.0061420761 -1062136.773339659 1
-789700.7021210566 -1059151.9046236984 -785396.7675385885 -1060544.8828109652 1
-793550.4301011749 -1059123.763256874 -789803.1946361996 -1058970.1683735028 1
-798235.9700345881 -1058687.8035338856 -796788.5068572834 -1057105.7081321739 1
-792667.1482869387 -1061554.7493494377 -790612.8148882762 -1060607.980206523 1
-790612.8148882762 -1060607.980206523 -789700.7021210566 -1059151.9046236984 1
-789700.7021210566 -1059151.9046236984 -789803.1946361996 -1058970.1683735028 1
-789803.1946361996 -1058970.1683735028 -787843.7576529197 -1055776.7097103968 1
-790612.8148882762 -1060607.980206523 -786587.132424932 -1061345.2269155644 1
-813363.7649310194 -1072302.838655606 -813231.9368024766 -1072155.6718188599 1
-813231.9368024766 -1072155.6718188599 -812706.9060868174 -1071430.4012778588 1
-809052.658408016 -1072257.7391270362 -807939.1189030409 -1072494.9152057394 1
-806494.9489405714 -1072643.9519053884 -802604.7978353687 -1071051.004733026 1
-807336.189922411 -1072485.7344024107 -806622.4495623522 -1072452.9157589898 1
-806622.4495623522 -1072452.9157589898 -806494.9489405714 -1072643.9519053884 1
-807939.1189030409 -1072494.9152057394 -807336.189922411 -1072485.7344024107 1
-796111.3817935437 -1068870.5025620759 -794668.4570675679 -1067851.9019058645 1
-799474.9618337564 -1069946.348473817 -797610.5599165037 -1069337.0635658503 1
-797610.5599165037 -1069337.0635658503 -797173.9890130758 -1069117.1411109827 1
-797173.9890130758 -1069117.1411109827 -796111.3817935437 -1068870.5025620759 1
-794668.4570675679 -1067851.9019058645 -792367.6513610817 -1065561.7857452817 1
-802604.7978353687 -1071051.004733026 -799474.9618337564 -1069946.348473817 1
-792367.6513610817 -1065561.7857452817 -791170.8638414294 -1065079.3373678923 1
-791170.8638414294 -1065079.3373678923 -789868.1372728162 -1064121.8603436612 1
-811585.5932397507 -1071639.1609585397 -810050.9600155726 -1071964.437475372 1
-807336.189922411 -1072485.7344024107 -806717.9155979045 -1072807.6520461664 1
-806717.9155979045 -1072807.6520461664 -806494.9489405714 -1072643.9519053884 1
-800382.1390569843 -1087048.9192363508 -796387.0606683902 -1083270.9164241329 1
-799762.8482520953 -1084559.212847922 -797924.669468198 -1082702.4908494651 1
-796387.0606683902 -1083270.9164241329 -794540.4173846394 -1083793.998172678 1
-796387.0606683902 -1083270.9164241329 -796101.080085285 -1082540.1567842849 1
-797924.669468198 -1082702.4908494651 -796387.0606683902 -1083270.9164241329 1
-796101.080085285 -1082540.1567842849 -795283.1301422976 -1082219.390779104 1
-795283.1301422976 -1082219.390779104 -794657.1299731545 -1083650.3838659003 1
-795283.1301422976 -1082219.390779104 -792978.1397706456 -1079869.6602529846 1
-801949.8823703453 -1081720.373125352 -800720.3387222961 -1081442.3226957768 1
-799379.4678585269 -1081458.7507021464 -797924.669468198 -1082702.4908494651 1
-796669.7679436766 -1081285.6860546619 -796101.080085285 -1082540.1567842849 1
-796669.7679436766 -1081285.6860546619 -793546.3996281028 -1079001.5079486147 1
-792978.1397706456 -1079869.6602529846 -791256.2733393908 -1081753.999923937 1
-793153.4069378152 -1079360.2162101641 -792978.1397706456 -1079869.6602529846 1
-793153.4069378152 -1079360.2162101641 -790233.1686325781 -1078889.4708904698 1
-793546.3996281028 -1079001.5079486147 -793153.4069378152 -1079360.2162101641 1
-797109.8884084821 -1078411.6889630556 -796669.7679436766 -1081285.6860546619 1
-797109.8884084821 -1078411.6889630556 -795491.3352203853 -1076319.5809460953 1
-795491.3352203853 -1076319.5809460953 -795035.8528225198 -1077024.0027252883 1
-802511.8446245417 -1078346.1894537471 -797109.8884084821 -1078411.6889630556 1
-795035.8528225198 -1077024.0027252883 -793546.3996281028 -1079001.5079486147 1
-795035.8528225198 -1077024.0027252883 -793116.9732493982 -1075515.1211524084 1
-793116.9732493982 -1075515.1211524084 -791197.3667208031 -1075480.8803794123 1
-793116.9732493982 -1075515.1211524084 -792626.8032183275 -1073740.9607256837 1
-791197.3667208031 -1075480.8803794123 -789293.29692287 -1078846.5609594844 1
-791197.3667208031 -1075480.8803794123 -788424.568188034 -1073311.0146689788 1
-801417.1128879488 -1075299.707986828 -797074.1299871393 -1072230.2162748203 1
-797074.1299871393 -1072230.2162748203 -795810.8421938606 -1073141.5547637343 1
-795810.8421938606 -1073141.5547637343 -794617.6267619431 -1073778.4877285957 1
-797314.1580084004 -1071715.85903975 -797074.1299871393 -1072230.2162748203 1
-792205.3158989213 -1066032.3739042915 -791431.2708886713 -1066960.8780070543 1
-806524.1958454996 -1061585.3686163872 -806237.0802130066 -1061629.426344242 1
-797727.8870032951 -1059772.5634250343 -795754.6190066524 -1061409.339219898 1
-810050.9600155726 -1071964.437475372 -809052.658408016 -1072257.7391270362 1
-812706.9060868174 -1071430.4012778588 -811585.5932397507 -1071639.1609585397 1
-808128.7655743659 -1071285.3774143606 -797170.4555170126 -1068873.8010156006 1
-812612.8136356473 -1072241.0303269103 -808128.7655743659 -1071285.3774143606 1
-797170.4555170126 -1068873.8010156006 -789868.1372728162 -1064121.8603436612 1
-813231.9368024766 -1072155.6718188599 -812612.8136356473 -1072241.0303269103 1
-813828.627202414 -1073974.4248436354 -813363.7649310194 -1072302.838655606 1
-819027.2078882307 -1075023.665023066 -812612.8136356473 -1072241.0303269103 1
-815100.4636638276 -1070972.0489512682 -813231.9368024766 -1072155.6718188599 1
-799536.8780794553 -1047876.1418576427 -796260.3468977697 -1049713.0397819579 1
-807524.8159223981 -1051288.5155756287 -806455.1244230717 -1054705.6067334972 1
-802305.6272798702 -1054111.5101833493 -804147.5613310151 -1051295.7500311919 1
-797378.6426089369 -1052228.9817019738 -797432.9082725048 -1052597.97420948 1
-797432.9082725048 -1052597.97420948 -800016.1264906824 -1055419.9177614637 1
-796260.3468977697 -1049713.0397819579 -797378.6426089369 -1052228.9817019738 1
-796125.043946486 -1046055.1800267547 -796260.3468977697 -1049713.0397819579 1
-797378.6426089369 -1052228.9817019738 -791609.1596706845 -1052072.0153726675 1
-790561.2963934764 -1052857.246905826 -782793.4666296318 -1049664.8129303865 1
-791609.1596706845 -1052072.0153726675 -790561.2963934764 -1052857.246905826 1
-790561.2963934764 -1052857.246905826 -787843.7576529197 -1055776.7097103968 1
