-807558.2415553108 -1083474.283921726 -806520.2105997838 -1082398.5459269881 0.0006605895380996257
-806520.2105997838 -1082398.5459269881 -806220.5434165187 -1081679.2349191494 0.0012833082628454812
-806220.5434165187 -1081679.2349191494 -803307.7924209237 -1079227.170260936 0.00023014561519120168
-803307.7924209237 -1079227.170260936 -803298.7296627313 -1079138.5489224494 0.011225419626398286
-802511.8446245417 -1078346.1894537471 -800919.4929165505 -1076645.4681194983 0.00042622530571839084
-795650.2471989654 -1074660.243163336 -794617.6267619431 -1073778.4877285957 0.0007358482290725159
-794617.6267619431 -1073778.4877285957 -793348.0373490751 -1072591.4434728958 0.0005752137148132153
-797036.6976298839 -1075118.2455454692 -795650.2471989654 -1074660.243163336 0.0006782467825961134
-800919.4929165505 -1076645.4681194983 -797036.6976298839 -1075118.2455454692 0.00023931956978480665
-802987.1336342543 -1079027.9573933557 -802511.8446245417 -1078346.1894537471 0.001130545111800244
-793348.0373490751 -1072591.4434728958 -791621.4159339927 -1071139.1051711552 0.0004385938268162688
-803083.4048563801 -1079062.125872437 -802987.1336342543 -1079027.9573933557 0.009789051147592098
-803298.7296627313 -1079138.5489224494 -803083.4048563801 -1079062.125872437 0.004376660808798255
-792563.6420853809 -1067385.3660477996 -791431.2708886713 -1066960.8780070543 0.0007640502101596525
-791431.2708886713 -1066960.8780070543 -788148.8905355483 -1067178.1872289851 0.0002893290627979791
-792878.2557736263 -1070567.3589658402 -793348.0373490751 -1072591.4434728958 0.00047670584572541744
-793348.0373490751 -1072591.4434728958 -792626.8032183275 -1073740.9607256837 0.0007368954780537123
-792626.8032183275 -1073740.9607256837 -789331.5204968601 -1072558.8837953582 0.00028162871635635804
-797610.5599165037 -1069337.0635658503 -797708.8675918579 -1069908.512737468 0.0016201059253028228
-797708.8675918579 -1069908.512737468 -797690.6772903465 -1070386.54489962 0.00209039656622406
-797690.6772903465 -1070386.54489962 -797314.1580084004 -1071715.85903975 0.0006957023171723799
-799381.9770161696 -1070568.8689307757 -797690.6772903465 -1070386.54489962 0.0005843541095253661
-795650.2471989654 -1074660.243163336 -795898.416492939 -1075757.0490717255 0.0008024294997898781
-795898.416492939 -1075757.0490717255 -795491.3352203853 -1076319.5809460953 0.00143500627007969
-806494.9489405714 -1072643.9519053884 -804663.8825507723 -1074784.750572566 0.0003512797907610126
-804663.8825507723 -1074784.750572566 -804751.7942214571 -1075198.0582022034 0.0019391037354219475
-804343.0163119994 -1075842.4346463382 -803298.7296627313 -1079138.5489224494 0.0002878591949817548
-804751.7942214571 -1075198.0582022034 -804343.0163119994 -1075842.4346463382 0.0012844023490636873
-803307.7924209237 -1079227.170260936 -803180.1856283695 -1079403.3012880012 0.004597731171703919
-803180.1856283695 -1079403.3012880012 -800086.7667259872 -1080869.3932451308 0.0002818018691249833
-800086.7667259872 -1080869.3932451308 -799379.4678585269 -1081458.7507021464 0.001052550947251541
-797036.6976298839 -1075118.2455454692 -795898.416492939 -1075757.0490717255 0.0007591150725315963
-800919.4929165505 -1076645.4681194983 -801459.6391722411 -1076293.084702395 0.0014943786421862475
-801459.6391722411 -1076293.084702395 -804663.8825507723 -1074784.750572566 0.0002795345436597667
-808554.9998449422 -1081739.9998755231 -808050.7529313415 -1081601.466049809 0.0018997241166600891
-812478.8311833628 -1083179.831504602 -808876.4706284814 -1082094.8900055476 0.0002619468553010201
-808876.4706284814 -1082094.8900055476 -808554.9998449422 -1081739.9998755231 0.002088367849596015
-808050.7529313415 -1081601.466049809 -806598.7968793064 -1080496.9596171193 0.000545886419499965
-806220.5434165187 -1081679.2349191494 -806598.7968793064 -1080496.9596171193 0.0007946048755589341
-806565.9497723393 -1073439.5939369276 -806717.9155979045 -1072807.6520461664 0.0014963723231563794
-806623.4576608315 -1073712.0405403562 -806565.9497723393 -1073439.5939369276 0.0035913111985121076
-806598.7968793064 -1080496.9596171193 -806541.7760143131 -1074199.5755106173 0.00014359214743376914
-806485.4517203979 -1074059.4959222563 -806540.2643031478 -1073903.9875202365 0.006064808627272139
-806540.2643031478 -1073903.9875202365 -806623.4576608315 -1073712.0405403562 0.004780107194677187
-806541.7760143131 -1074199.5755106173 -806485.4517203979 -1074059.4959222563 0.006623429165601803
-806485.4517203979 -1074059.4959222563 -804751.7942214571 -1075198.0582022034 0.00046757379541916927
-808050.7529313415 -1081601.466049809 -806520.2105997838 -1082398.5459269881 0.0005625181536408264
-804157.3788097426 -1084831.5361675285 -802220.6428142488 -1083824.256319303 0.0004405081637991672
-804414.6831558235 -1084904.0775232501 -803944.1344616115 -1081868.0521313064 0.0002945592211928797
-803944.1344616115 -1081868.0521313064 -803168.5670881979 -1081313.2389420308 0.0010486753245066086
-796111.3817935437 -1068870.5025620759 -795812.9938982539 -1069504.2367831357 0.0013397448268994063
-792878.2557736263 -1070567.3589658402 -791820.6946344338 -1069985.6122769155 0.0007913875781883188
-795807.2203385681 -1069629.92411986 -792878.2557736263 -1070567.3589658402 0.00030704860184885106
-795812.9938982539 -1069504.2367831357 -795807.2203385681 -1069629.92411986 0.007947870006720927
-791833.3017153144 -1069895.561998561 -791081.5612986833 -1070600.9735408202 0.0009292218999559481
-791820.6946344338 -1069985.6122769155 -791833.3017153144 -1069895.561998561 0.010997652661190634
-795807.2203385681 -1069629.92411986 -795810.8421938606 -1073141.5547637343 0.00026924780746441246
-792367.6513610817 -1065561.7857452817 -792205.3158989213 -1066032.3739042915 0.002007736278825754
-792715.7531972677 -1068070.8487421274 -791833.3017153144 -1069895.561998561 0.00048646893194465664
-792205.3158989213 -1066032.3739042915 -792563.6420853809 -1067385.3660477996 0.0007052895920934084
-792563.6420853809 -1067385.3660477996 -792715.7531972677 -1068070.8487421274 0.0014092543720451768
-794668.4570675679 -1067851.9019058645 -793615.5140077844 -1067816.6397630423 0.0009305411710868746
-793615.5140077844 -1067816.6397630423 -792715.7531972677 -1068070.8487421274 0.0008844151801088434
-809533.2088082023 -1081330.0816779844 -808554.9998449422 -1081739.9998755231 0.0009159309443218963
-802220.6428142488 -1083824.256319303 -802134.9699848294 -1083575.154189352 0.003796174968921799
-802485.7503629513 -1085883.5827129148 -802220.6428142488 -1083824.256319303 0.00043834584218143953
-802134.9699848294 -1083575.154189352 -802264.4822633751 -1082908.0332763083 0.0012779714794798607
-803127.2629901618 -1081565.716534242 -803168.5670881979 -1081313.2389420308 0.00390878676657774
-803137.5135338865 -1081149.42250235 -803180.0064651892 -1079732.5544940233 0.0006863010046473263
-803180.0064651892 -1079732.5544940233 -803180.1856283695 -1079403.3012880012 0.0030371757469941528
-803168.5670881979 -1081313.2389420308 -803137.5135338865 -1081149.42250235 0.0059975853507499765
-802955.1126686186 -1081931.9349810407 -803127.2629901618 -1081565.716534242 0.0024711955461718207
-802264.4822633751 -1082908.0332763083 -802955.1126686186 -1081931.9349810407 0.0008307237758008297
-802134.9699848294 -1083575.154189352 -801154.331492003 -1083513.5386444293 0.0009991007082267482
-801154.331492003 -1083513.5386444293 -801357.0977626629 -1083298.819255963 0.0033860666580654633
-801357.0977626629 -1083298.819255963 -800720.3387222961 -1081442.3226957768 0.0004899657321076328
-800720.3387222961 -1081442.3226957768 -800086.7667259872 -1080869.3932451308 0.0010324892981158499
-801154.331492003 -1083513.5386444293 -799762.8482520953 -1084559.212847922 0.0005127755949877463
-802264.4822633751 -1082908.0332763083 -801357.0977626629 -1083298.819255963 0.0010121891380002073
-802955.1126686186 -1081931.9349810407 -801949.8823703453 -1081720.373125352 0.0009459818979845748
-811146.0987983383 -1075873.3027510382 -813828.627202414 -1073974.4248436354 0.00030084018823327925
-807957.1457574405 -1072673.0208694972 -807939.1189030409 -1072494.9152057394 0.0055861044822709816
-814451.6643687822 -1079010.0999232456 -811146.0987983383 -1075873.3027510382 0.00020798920099593287
-811146.0987983383 -1075873.3027510382 -807957.1457574405 -1072673.0208694972 0.00019220125716080852
-807939.1189030409 -1072494.9152057394 -808128.7655743659 -1071285.3774143606 0.000801560455068977
-808128.7655743659 -1071285.3774143606 -808094.8379003778 -1071105.188323792 0.005453889595700256
-811354.0931064859 -1060330.4978255108 -806524.1958454996 -1061585.3686163872 0.00014911055028598037
-806554.382571321 -1067967.6615767628 -806747.4495830163 -1068731.7708885223 0.0012688374291899463
-806747.4495830163 -1068731.7708885223 -806622.4495623522 -1072452.9157589898 0.0002635249913284794
-806455.1244230717 -1054705.6067334972 -806795.936098963 -1057402.6143514551 0.0003678558794443993
-805526.9934896231 -1063627.8030303642 -806554.382571321 -1067967.6615767628 0.00020241066445007724
-806577.313362956 -1062022.6755556911 -806204.2240256444 -1062555.4783910774 0.001537416604905209
-806204.2240256444 -1062555.4783910774 -805526.9934896231 -1063627.8030303642 0.0007372595603596105
-806524.1958454996 -1061585.3686163872 -806577.313362956 -1062022.6755556911 0.0022700388813315115
-806795.936098963 -1057402.6143514551 -806524.1958454996 -1061585.3686163872 0.0002356942343639009
-798740.377775956 -1067310.8765980788 -797170.4555170126 -1068873.8010156006 0.0004306457342451519
-797170.4555170126 -1068873.8010156006 -797173.9890130758 -1069117.1411109827 0.004109041660772348
-804733.4228359126 -1062280.2676804513 -800598.3111340478 -1067005.2030826956 0.00014785513686168733
-800598.3111340478 -1067005.2030826956 -800199.3358603604 -1067468.308996126 0.0016359441085782272
-800199.3358603604 -1067468.308996126 -798844.4513275847 -1067198.3361018747 0.000723840417075157
-800199.3358603604 -1067468.308996126 -799701.441730883 -1069095.0114895925 0.0004597986648782136
-810402.0400467291 -1063149.5997376926 -806577.313362956 -1062022.6755556911 0.0002075860840194348
-809651.7318878062 -1056341.5247802697 -806795.936098963 -1057402.6143514551 0.00031372228390342963
-806795.936098963 -1057402.6143514551 -805099.7381984666 -1057992.788520161 0.0005259337850686413
-806455.1244230717 -1054705.6067334972 -802783.9886063449 -1055888.2534586154 0.00022240551543662075
-802717.3470627256 -1056069.8009413667 -801208.0743343644 -1056831.4548793621 0.0005844337387877764
-802783.9886063449 -1055888.2534586154 -802717.3470627256 -1056069.8009413667 0.005170836540670491
-808730.5947794504 -1069359.5591970123 -806747.4495830163 -1068731.7708885223 0.000477658303248114
-802783.9886063449 -1055888.2534586154 -802305.6272798702 -1054111.5101833493 0.0004825347579364707
-802604.7978353687 -1071051.004733026 -804397.9413519539 -1069234.7603420243 0.0003831599888247229
-804397.9413519539 -1069234.7603420243 -806747.4495830163 -1068731.7708885223 0.00040668198282286974
-804397.9413519539 -1069234.7603420243 -800598.3111340478 -1067005.2030826956 0.00022413676310885144
-806554.382571321 -1067967.6615767628 -811655.6088486463 -1065793.1987416781 0.00017395078849865087
-811655.6088486463 -1065793.1987416781 -811940.4425079972 -1065496.328320112 0.002430636030928855
-808094.8379003778 -1071105.188323792 -808730.5947794504 -1069359.5591970123 0.00053061707722678
-808730.5947794504 -1069359.5591970123 -811655.6088486463 -1065793.1987416781 0.00019077712585535375
-805526.9934896231 -1063627.8030303642 -804733.4228359126 -1062280.2676804513 0.0006365590033783197
-804733.4228359126 -1062280.2676804513 -803956.9851415493 -1061233.3925947025 0.0007196511873979781
-806204.2240256444 -1062555.4783910774 -806806.0972357206 -1063385.087212149 0.0008567485708685841
-806806.0972357206 -1063385.087212149 -807427.0345607176 -1064152.888228394 0.0007006004749357065
-811940.4425079972 -1065496.328320112 -813443.7202547304 -1065957.5437651314 0.0005179073802560206
-807427.0345607176 -1064152.888228394 -808303.966734048 -1064248.6849998757 0.001133595199444061
-809357.1368037052 -1064623.3450709172 -810671.724813059 -1064866.5809163786 0.0007331544089129503
-810671.724813059 -1064866.5809163786 -810814.9530284256 -1064858.7782376297 0.006971527272010299
-808303.966734048 -1064248.6849998757 -808905.7748097479 -1064497.6737995073 0.0015251650301953163
-808905.7748097479 -1064497.6737995073 -809357.1368037052 -1064623.3450709172 0.0021343323394293397
-810814.9530284256 -1064858.7782376297 -811940.4425079972 -1065496.328320112 0.0006744714580327359
-806237.0802130066 -1061629.426344242 -806577.313362956 -1062022.6755556911 0.0019230643398839321
-805893.3030896224 -1061455.3626786694 -806237.0802130066 -1061629.426344242 0.0025951636403696264
-800668.421039354 -1059114.705213502 -804084.3509543873 -1060182.5649177358 0.00026526218332732543
-801208.0743343644 -1056831.4548793621 -801181.3282051757 -1056921.9266976006 0.010599677891414482
-804084.3509543873 -1060182.5649177358 -805893.3030896224 -1061455.3626786694 0.00040905328486964766
-800016.1264906824 -1055419.9177614637 -801208.0743343644 -1056831.4548793621 0.0005170896837592837
-801181.3282051757 -1056921.9266976006 -800668.421039354 -1059114.705213502 0.00041840712329174707
-802305.6272798702 -1054111.5101833493 -800016.1264906824 -1055419.9177614637 0.00033042831556816927
-800016.1264906824 -1055419.9177614637 -799328.4391811937 -1056566.9628766775 0.0007439949822709577
-801181.3282051757 -1056921.9266976006 -799328.4391811937 -1056566.9628766775 0.0005239135228651458
-800668.421039354 -1059114.705213502 -798690.9648850858 -1058927.3625178114 0.0004982295474325611
-798235.9700345881 -1058687.8035338856 -795532.7924627736 -1059122.6573695242 0.0003357301575414909
-798690.9648850858 -1058927.3625178114 -798235.9700345881 -1058687.8035338856 0.0019447421645533633
-798690.9648850858 -1058927.3625178114 -797727.8870032951 -1059772.5634250343 0.0007689078033083218
-805099.7381984666 -1057992.788520161 -802717.3470627256 -1056069.8009413667 0.0002669972166679444
-804084.3509543873 -1060182.5649177358 -803956.9851415493 -1061233.3925947025 0.0009447168367415506
-797370.8649012744 -1064460.6268351749 -795691.8415203989 -1064199.4451603778 0.0005629695865275248
-795691.8415203989 -1064199.4451603778 -792334.0205461681 -1064160.0355470888 0.00028633894960386496
-803956.9851415493 -1061233.3925947025 -797370.8649012744 -1064460.6268351749 0.00013192357357969735
-797370.8649012744 -1064460.6268351749 -798844.4513275847 -1067198.3361018747 0.0002875857173209771
-799474.9618337564 -1069946.348473817 -799381.9770161696 -1070568.8689307757 0.001531319504472038
-799381.9770161696 -1070568.8689307757 -801417.1128879488 -1075299.707986828 0.00016659379970643265
-799701.441730883 -1069095.0114895925 -799474.9618337564 -1069946.348473817 0.0011350452483174071
-801417.1128879488 -1075299.707986828 -801459.6391722411 -1076293.084702395 0.0009469507727535204
-798844.4513275847 -1067198.3361018747 -798740.377775956 -1067310.8765980788 0.0065237433171921305
-798740.377775956 -1067310.8765980788 -799701.441730883 -1069095.0114895925 0.0004881433421864786
-794524.0061420761 -1062136.773339659 -795691.8415203989 -1064199.4451603778 0.00041040899020215266
-795691.8415203989 -1064199.4451603778 -794668.4570675679 -1067851.9019058645 0.00025585152399625136
-797432.9082725048 -1052597.97420948 -796788.5068572834 -1057105.7081321739 0.00019274177022033238
-792334.0205461681 -1064160.0355470888 -791428.1790141352 -1064669.1659670323 0.0008389934075341616
-793550.4301011749 -1059123.763256874 -792667.1482869387 -1061554.7493494377 0.0003752625561362954
-795532.7924627736 -1059122.6573695242 -793550.4301011749 -1059123.763256874 0.0004517475134879159
-796788.5068572834 -1057105.7081321739 -795532.7924627736 -1059122.6573695242 0.0003838855343678772
-792667.1482869387 -1061554.7493494377 -792334.0205461681 -1064160.0355470888 0.00036540740582479623
-791428.1790141352 -1064669.1659670323 -791170.8638414294 -1065079.3373678923 0.0020652533199987852
-795754.6190066524 -1061409.339219898 -794524.0061420761 -1062136.773339659 0.0006048104344427355
-789700.7021210566 -1059151.9046236984 -785396.7675385885 -1060544.8828109652 0.00021692407363974235
-793550.4301011749 -1059123.763256874 -789803.1946361996 -1058970.1683735028 0.00020930393604777522
-798235.9700345881 -1058687.8035338856 -796788.5068572834 -1057105.7081321739 0.00043681854727587734
-792667.1482869387 -1061554.7493494377 -790612.8148882762 -1060607.980206523 0.0004240322565555116
-790612.8148882762 -1060607.980206523 -789700.7021210566 -1059151.9046236984 0.0005611999224435745
-789700.7021210566 -1059151.9046236984 -789803.1946361996 -1058970.1683735028 0.0047928274894032084
-789803.1946361996 -1058970.1683735028 -787843.7576529197 -1055776.7097103968 0.00026631749390091335
-790612.8148882762 -1060607.980206523 -786587.132424932 -1061345.2269155644 0.00023300203445161767
-813363.7649310194 -1072302.838655606 -813231.9368024766 -1072155.6718188599 0.00506079962935541
-813231.9368024766 -1072155.6718188599 -812706.9060868174 -1071430.4012778588 0.0011162893655245678
-809052.658408016 -1072257.7391270362 -807939.1189030409 -1072494.9152057394 0.000878278979517668
-806494.9489405714 -1072643.9519053884 -802604.7978353687 -1071051.004733026 0.00023206710450788558
-807336.189922411 -1072485.7344024107 -806622.4495623522 -1072452.9157589898 0.0012425321327327165
-806622.4495623522 -1072452.9157589898 -806494.9489405714 -1072643.9519053884 0.004353953184498276
-807939.1189030409 -1072494.9152057394 -807336.189922411 -1072485.7344024107 0.001658377887645025
-796111.3817935437 -1068870.5025620759 -794668.4570675679 -1067851.9019058645 0.0005606912670088345
-799474.9618337564 -1069946.348473817 -797610.5599165037 -1069337.0635658503 0.0005012137478645985
-797610.5599165037 -1069337.0635658503 -797173.9890130758 -1069117.1411109827 0.0020456783972980824
-797173.9890130758 -1069117.1411109827 -796111.3817935437 -1068870.5025620759 0.00091671210267412
-794668.4570675679 -1067851.9019058645 -792367.6513610817 -1065561.7857452817 0.0002941756202725628
-802604.7978353687 -1071051.004733026 -799474.9618337564 -1069946.348473817 0.0002988800316427641
-792367.6513610817 -1065561.7857452817 -791170.8638414294 -1065079.3373678923 0.0007745794102725021
-791170.8638414294 -1065079.3373678923 -789868.1372728162 -1064121.8603436612 0.0005883286797521834
-811585.5932397507 -1071639.1609585397 -810050.9600155726 -1071964.437475372 0.0006303072388981343
-807336.189922411 -1072485.7344024107 -806717.9155979045 -1072807.6520461664 0.0014001563612275148
-806717.9155979045 -1072807.6520461664 -806494.9489405714 -1072643.9519053884 0.0036122904886771346
-800382.1390569843 -1087048.9192363508 -796387.0606683902 -1083270.9164241329 0.0001762571154287249
-799762.8482520953 -1084559.212847922 -797924.669468198 -1082702.4908494651 0.0002892118792428021
-796387.0606683902 -1083270.9164241329 -794540.4173846394 -1083793.998172678 0.0005208725035094874
-796387.0606683902 -1083270.9164241329 -796101.080085285 -1082540.1567842849 0.001212347147309371
-797924.669468198 -1082702.4908494651 -796387.0606683902 -1083270.9164241329 0.0005295544075700967
-796101.080085285 -1082540.1567842849 -795283.1301422976 -1082219.390779104 0.001113759362778207
-795283.1301422976 -1082219.390779104 -794657.1299731545 -1083650.3838659003 0.000633968101461466
-795283.1301422976 -1082219.390779104 -792978.1397706456 -1079869.6602529846 0.00026996492471046405
-801949.8823703453 -1081720.373125352 -800720.3387222961 -1081442.3226957768 0.0007488828828696669
-799379.4678585269 -1081458.7507021464 -797924.669468198 -1082702.4908494651 0.0004580105325090842
-796669.7679436766 -1081285.6860546619 -796101.080085285 -1082540.1567842849 0.0007238818588516733
-796669.7679436766 -1081285.6860546619 -793546.3996281028 -1079001.5079486147 0.00024973479913976363
-792978.1397706456 -1079869.6602529846 -791256.2733393908 -1081753.999923937 0.0003878365583931664
-793153.4069378152 -1079360.2162101641 -792978.1397706456 -1079869.6602529846 0.0017971573398203077
-793153.4069378152 -1079360.2162101641 -790233.1686325781 -1078889.4708904698 0.00032213449447409705
-793546.3996281028 -1079001.5079486147 -793153.4069378152 -1079360.2162101641 0.0018793975599016776
-797109.8884084821 -1078411.6889630556 -796669.7679436766 -1081285.6860546619 0.0003217477577949112
-797109.8884084821 -1078411.6889630556 -795491.3352203853 -1076319.5809460953 0.0003734838040544235
-795491.3352203853 -1076319.5809460953 -795035.8528225198 -1077024.0027252883 0.0011888223754105414
-802511.8446245417 -1078346.1894537471 -797109.8884084821 -1078411.6889630556 0.00016263622905068098
-795035.8528225198 -1077024.0027252883 -793546.3996281028 -1079001.5079486147 0.0003813270422767439
-795035.8528225198 -1077024.0027252883 -793116.9732493982 -1075515.1211524084 0.0004074742330218861
-793116.9732493982 -1075515.1211524084 -791197.3667208031 -1075480.8803794123 0.00045612827842366453
-793116.9732493982 -1075515.1211524084 -792626.8032183275 -1073740.9607256837 0.0005031244553951313
-791197.3667208031 -1075480.8803794123 -789293.29692287 -1078846.5609594844 0.00023903383953698183
-791197.3667208031 -1075480.8803794123 -788424.568188034 -1073311.0146689788 0.00026098214118661377
-801417.1128879488 -1075299.707986828 -797074.1299871393 -1072230.2162748203 0.0001808169024540924
-797074.1299871393 -1072230.2162748203 -795810.8421938606 -1073141.5547637343 0.000641971529884868
-795810.8421938606 -1073141.5547637343 -794617.6267619431 -1073778.4877285957 0.0007262618237137129
-797314.1580084004 -1071715.85903975 -797074.1299871393 -1072230.2162748203 0.0017617847939189403
-792205.3158989213 -1066032.3739042915 -791431.2708886713 -1066960.8780070543 0.0008138972445747252
-806524.1958454996 -1061585.3686163872 -806237.0802130066 -1061629.426344242 0.003442621878330224
-797727.8870032951 -1059772.5634250343 -795754.6190066524 -1061409.339219898 0.00038004565178386107
-810050.9600155726 -1071964.437475372 -809052.658408016 -1072257.7391270362 0.0009581029469300635
-812706.9060868174 -1071430.4012778588 -811585.5932397507 -1071639.1609585397 0.0008767467939344464
-808128.7655743659 -1071285.3774143606 -797170.4555170126 -1068873.8010156006 8.714687824164886e-05
-812612.8136356473 -1072241.0303269103 -808128.7655743659 -1071285.3774143606 0.0002164674262310973
-797170.4555170126 -1068873.8010156006 -789868.1372728162 -1064121.8603436612 0.00010895256890873274
-813231.9368024766 -1072155.6718188599 -812612.8136356473 -1072241.0303269103 0.001600052081951224
-813828.627202414 -1073974.4248436354 -813363.7649310194 -1072302.838655606 0.0004897343598122376
-819027.2078882307 -1075023.665023066 -812612.8136356473 -1072241.0303269103 0.00013966292602602087
-815100.4636638276 -1070972.0489512682 -813231.9368024766 -1072155.6718188599 0.00043796500039365604
-799536.8780794553 -1047876.1418576427 -796260.3468977697 -1049713.0397819579 0.0002467996516820342
-807524.8159223981 -1051288.5155756287 -806455.1244230717 -1054705.6067334972 0.00019748953585706702
-802305.6272798702 -1054111.5101833493 -804147.5613310151 -1051295.7500311919 0.00017271446572905398
-797378.6426089369 -1052228.9817019738 -797432.9082725048 -1052597.97420948 0.0026812423568066297
-797432.9082725048 -1052597.97420948 -800016.1264906824 -1055419.9177614637 0.0002315326538318243
-796260.3468977697 -1049713.0397819579 -797378.6426089369 -1052228.9817019738 0.0003400048092101545
-796125.043946486 -1046055.1800267547 -796260.3468977697 -1049713.0397819579 0.00019538332708652866
-797378.6426089369 -1052228.9817019738 -791609.1596706845 -1052072.0153726675 0.0001539704059235259
-790561.2963934764 -1052857.246905826 -782793.4666296318 -1049664.8129303865 0.0001144180974139757
-791609.1596706845 -1052072.0153726675 -790561.2963934764 -1052857.246905826 0.0006514953381338845
-790561.2963934764 -1052857.246905826 -787843.7576529197 -1055776.7097103968 0.00022570732760772628
