-736560.9475000016 -1143986.679200001 -736171.3993999995 -1143707.7690000013 1
-736171.3993999995 -1143707.7690000013 -736560.9475000016 -1143986.679200001 1
-736171.3993999995 -1143707.7690000013 -733742.3365999982 -1141263.4250999987 1
-733742.3365999982 -1141263.4250999987 -736171.3993999995 -1143707.7690000013 1
-733742.3365999982 -1141263.4250999987 -732457.449000001 -1136417.6422000006 1
-732457.449000001 -1136417.6422000006 -732091.8077000007 -1125344.0322000012 1
-732457.449000001 -1136417.6422000006 -733742.3365999982 -1141263.4250999987 1
-583976.7082000002 -1163796.8691000007 -592493.9483999982 -1164470.5832999982 1
-583976.7082000002 -1163796.8691000007 -583764.000500001 -1163781.0139999986 1
-583764.000500001 -1163781.0139999986 -583976.7082000002 -1163796.8691000007 1
-583764.000500001 -1163781.0139999986 -578489.742800001 -1163459.6182000004 1
-578489.742800001 -1163459.6182000004 -567763.2212999985 -1155505.2217000015 1
-578489.742800001 -1163459.6182000004 -583764.000500001 -1163781.0139999986 1
-597260.7102000006 -1164858.0031999983 -596904.9175999984 -1164875.4437000006 1
-597260.7102000006 -1164858.0031999983 -598936.5538999997 -1164683.1110000014 1
-596904.9175999984 -1164875.4437000006 -597260.7102000006 -1164858.0031999983 1
-596904.9175999984 -1164875.4437000006 -592493.9483999982 -1164470.5832999982 1
-596904.9175999984 -1164875.4437000006 -596759.0441000015 -1164424.0023999996 1
-596904.9175999984 -1164875.4437000006 -597009.5280000009 -1165248.7105999999 1
-592493.9483999982 -1164470.5832999982 -596904.9175999984 -1164875.4437000006 1
-592493.9483999982 -1164470.5832999982 -583976.7082000002 -1163796.8691000007 1
-603247.8913999982 -1163229.7344999984 -599217.4833000004 -1164623.5078000017 1
-603247.8913999982 -1163229.7344999984 -610123.3832999989 -1160053.4015000015 1
-610123.3832999989 -1160053.4015000015 -612199.9353 -1156878.2980999984 1
-610123.3832999989 -1160053.4015000015 -603247.8913999982 -1163229.7344999984 1
-624841.865699999 -1148800.4671999998 -632438.9547000006 -1144126.3946999982 1
-624841.865699999 -1148800.4671999998 -619823.5335000008 -1150557.3126999997 1
-632438.9547000006 -1144126.3946999982 -637265.2668000013 -1139327.7692999989 1
-632438.9547000006 -1144126.3946999982 -624841.865699999 -1148800.4671999998 1
-619823.5335000008 -1150557.3126999997 -612199.9353 -1156878.2980999984 1
-619823.5335000008 -1150557.3126999997 -624841.865699999 -1148800.4671999998 1
-612199.9353 -1156878.2980999984 -610123.3832999989 -1160053.4015000015 1
-612199.9353 -1156878.2980999984 -619823.5335000008 -1150557.3126999997 1
-637265.2668000013 -1139327.7692999989 -632438.9547000006 -1144126.3946999982 1
-637265.2668000013 -1139327.7692999989 -648003.4598999992 -1132500.1541999988 1
-599217.4833000004 -1164623.5078000017 -598936.5538999997 -1164683.1110000014 1
-599217.4833000004 -1164623.5078000017 -603247.8913999982 -1163229.7344999984 1
-598936.5538999997 -1164683.1110000014 -597260.7102000006 -1164858.0031999983 1
-598936.5538999997 -1164683.1110000014 -599217.4833000004 -1164623.5078000017 1
-597009.5280000009 -1165248.7105999999 -596904.9175999984 -1164875.4437000006 1
-597009.5280000009 -1165248.7105999999 -596723.4453999996 -1167602.9816999994 1
-596723.4453999996 -1167602.9816999994 -595369.2184999995 -1176283.5221000016 1
-596723.4453999996 -1167602.9816999994 -597009.5280000009 -1165248.7105999999 1
-583467.9763000011 -1202844.3863999993 -595369.2184999995 -1176283.5221000016 1
-583467.9763000011 -1202844.3863999993 -579910.5122000016 -1208706.6893999986 1
-579910.5122000016 -1208706.6893999986 -576484.9602000006 -1219948.5601999983 1
-579910.5122000016 -1208706.6893999986 -583467.9763000011 -1202844.3863999993 1
-576484.9602000006 -1219948.5601999983 -579910.5122000016 -1208706.6893999986 1
-595369.2184999995 -1176283.5221000016 -596723.4453999996 -1167602.9816999994 1
-595369.2184999995 -1176283.5221000016 -583467.9763000011 -1202844.3863999993 1
-596759.0441000015 -1164424.0023999996 -596904.9175999984 -1164875.4437000006 1
-567763.2212999985 -1155505.2217000015 -561465.813099999 -1153728.0408000015 1
-567763.2212999985 -1155505.2217000015 -578489.742800001 -1163459.6182000004 1
-561465.813099999 -1153728.0408000015 -567763.2212999985 -1155505.2217000015 1
-561465.813099999 -1153728.0408000015 -553843.6636000015 -1151146.0942000002 1
-553843.6636000015 -1151146.0942000002 -561465.813099999 -1153728.0408000015 1
-553843.6636000015 -1151146.0942000002 -545624.3284999989 -1152013.5526 1
-545624.3284999989 -1152013.5526 -541175.4527999982 -1153646.9024999999 1
-545624.3284999989 -1152013.5526 -553843.6636000015 -1151146.0942000002 1
-535347.2683000006 -1152376.7410000004 -534647.0925999992 -1145286.2496999986 1
-535347.2683000006 -1152376.7410000004 -541175.4527999982 -1153646.9024999999 1
-534647.0925999992 -1145286.2496999986 -535347.2683000006 -1152376.7410000004 1
-541175.4527999982 -1153646.9024999999 -545624.3284999989 -1152013.5526 1
-541175.4527999982 -1153646.9024999999 -535347.2683000006 -1152376.7410000004 1
-466509.9334000014 -1093459.9101000018 -472657.36609999835 -1099172.0584999993 1
-466509.9334000014 -1093459.9101000018 -466334.5689000003 -1093451.7203000002 1
-466334.5689000003 -1093451.7203000002 -466509.9334000014 -1093459.9101000018 1
-466334.5689000003 -1093451.7203000002 -465585.6457000002 -1093348.5379999988 1
-465585.6457000002 -1093348.5379999988 -466334.5689000003 -1093451.7203000002 1
-465585.6457000002 -1093348.5379999988 -464501.9103000015 -1093094.5375000015 1
-464501.9103000015 -1093094.5375000015 -465585.6457000002 -1093348.5379999988 1
-464501.9103000015 -1093094.5375000015 -460768.55629999936 -1091157.9079000019 1
-460768.55629999936 -1091157.9079000019 -464501.9103000015 -1093094.5375000015 1
-509567.4395000003 -1125638.1587999985 -506768.76900000125 -1122937.7397999987 1
-509567.4395000003 -1125638.1587999985 -509982.5544000007 -1125731.5654999986 1
-506768.76900000125 -1122937.7397999987 -502153.01410000026 -1120421.4835 1
-506768.76900000125 -1122937.7397999987 -509567.4395000003 -1125638.1587999985 1
-502153.01410000026 -1120421.4835 -506768.76900000125 -1122937.7397999987 1
-502153.01410000026 -1120421.4835 -495422.7659999989 -1115592.2679999992 1
-495422.7659999989 -1115592.2679999992 -502153.01410000026 -1120421.4835 1
-495422.7659999989 -1115592.2679999992 -490647.62689999864 -1111830.5258999988 1
-490647.62689999864 -1111830.5258999988 -495422.7659999989 -1115592.2679999992 1
-490647.62689999864 -1111830.5258999988 -488897.9107000008 -1110842.2377000004 1
-488897.9107000008 -1110842.2377000004 -490647.62689999864 -1111830.5258999988 1
-488897.9107000008 -1110842.2377000004 -484763.4690000005 -1109242.5483000018 1
-484763.4690000005 -1109242.5483000018 -480785.2633999996 -1104638.9699999988 1
-484763.4690000005 -1109242.5483000018 -488897.9107000008 -1110842.2377000004 1
-476256.3471999988 -1103947.3819000013 -480785.2633999996 -1104638.9699999988 1
-476256.3471999988 -1103947.3819000013 -475181.27329999954 -1101178.3905000016 1
-475181.27329999954 -1101178.3905000016 -472657.36609999835 -1099172.0584999993 1
-475181.27329999954 -1101178.3905000016 -476256.3471999988 -1103947.3819000013 1
-480785.2633999996 -1104638.9699999988 -484763.4690000005 -1109242.5483000018 1
-480785.2633999996 -1104638.9699999988 -476256.3471999988 -1103947.3819000013 1
-472657.36609999835 -1099172.0584999993 -466509.9334000014 -1093459.9101000018 1
-472657.36609999835 -1099172.0584999993 -475181.27329999954 -1101178.3905000016 1
-512844.16220000014 -1126770.9633000009 -510330.4519999996 -1125797.9167000018 1
-512844.16220000014 -1126770.9633000009 -523954.80689999834 -1128910.6601999998 1
-510330.4519999996 -1125797.9167000018 -512844.16220000014 -1126770.9633000009 1
-510330.4519999996 -1125797.9167000018 -509982.5544000007 -1125731.5654999986 1
-509982.5544000007 -1125731.5654999986 -510330.4519999996 -1125797.9167000018 1
-509982.5544000007 -1125731.5654999986 -509567.4395000003 -1125638.1587999985 1
-524105.6196999997 -1128886.8478000015 -523954.80689999834 -1128910.6601999998 1
-523954.80689999834 -1128910.6601999998 -512844.16220000014 -1126770.9633000009 1
-523954.80689999834 -1128910.6601999998 -524105.6196999997 -1128886.8478000015 1
-648003.4598999992 -1132500.1541999988 -657033.5439999998 -1130131.7091999985 1
-648003.4598999992 -1132500.1541999988 -637265.2668000013 -1139327.7692999989 1
-657033.5439999998 -1130131.7091999985 -661771.0835000016 -1127987.5632999986 1
-657033.5439999998 -1130131.7091999985 -648003.4598999992 -1132500.1541999988 1
-666898.2153000012 -1124185.3729999997 -673647.8332999982 -1119162.875599999 1
-666898.2153000012 -1124185.3729999997 -661771.0835000016 -1127987.5632999986 1
-673647.8332999982 -1119162.875599999 -666898.2153000012 -1124185.3729999997 1
-673647.8332999982 -1119162.875599999 -677297.9173999988 -1115484.5984000005 1
-677297.9173999988 -1115484.5984000005 -673647.8332999982 -1119162.875599999 1
-677297.9173999988 -1115484.5984000005 -684696.2613999993 -1113566.9008999988 1
-661771.0835000016 -1127987.5632999986 -657033.5439999998 -1130131.7091999985 1
-661771.0835000016 -1127987.5632999986 -666898.2153000012 -1124185.3729999997 1
-684696.2613999993 -1113566.9008999988 -690043.4200000018 -1107090.052000001 1
-684696.2613999993 -1113566.9008999988 -677297.9173999988 -1115484.5984000005 1
-695102.5120999999 -1103896.5595000014 -690043.4200000018 -1107090.052000001 1
-695102.5120999999 -1103896.5595000014 -699229.9539999999 -1096919.7661999986 1
-699229.9539999999 -1096919.7661999986 -699310.1689999998 -1095102.9417999983 1
-699229.9539999999 -1096919.7661999986 -695102.5120999999 -1103896.5595000014 1
-690043.4200000018 -1107090.052000001 -684696.2613999993 -1113566.9008999988 1
-690043.4200000018 -1107090.052000001 -695102.5120999999 -1103896.5595000014 1
-699310.1689999998 -1095102.9417999983 -703471.0973999985 -1089025.134300001 1
-699310.1689999998 -1095102.9417999983 -699229.9539999999 -1096919.7661999986 1
-703471.0973999985 -1089025.134300001 -699310.1689999998 -1095102.9417999983 1
-703471.0973999985 -1089025.134300001 -708316.0055 -1085141.4217999987 1
-708316.0055 -1085141.4217999987 -703471.0973999985 -1089025.134300001 1
-708316.0055 -1085141.4217999987 -712514.0355999991 -1079107.5777999982 1
-712514.0355999991 -1079107.5777999982 -708316.0055 -1085141.4217999987 1
-712514.0355999991 -1079107.5777999982 -717725.8614000008 -1074228.0903999992 1
-717725.8614000008 -1074228.0903999992 -712514.0355999991 -1079107.5777999982 1
-717725.8614000008 -1074228.0903999992 -720277.0247999988 -1070996.3134999983 1
-720277.0247999988 -1070996.3134999983 -717725.8614000008 -1074228.0903999992 1
-720277.0247999988 -1070996.3134999983 -724722.1325000003 -1064954.8172000013 1
-724722.1325000003 -1064954.8172000013 -724933.1292000003 -1064564.8984000012 1
-724722.1325000003 -1064954.8172000013 -720277.0247999988 -1070996.3134999983 1
-724933.1292000003 -1064564.8984000012 -728601.3933999985 -1060829.2850000001 1
-724933.1292000003 -1064564.8984000012 -724722.1325000003 -1064954.8172000013 1
-773564.8136 -1055796.5168000013 -770207.9290000014 -1053867.7166000009 1
-773564.8136 -1055796.5168000013 -778303.189199999 -1058853.4437000006 1
-770207.9290000014 -1053867.7166000009 -762780.7177999988 -1050832.131099999 1
-770207.9290000014 -1053867.7166000009 -773564.8136 -1055796.5168000013 1
-732091.8077000007 -1125344.0322000012 -732457.449000001 -1136417.6422000006 1
-732091.8077000007 -1125344.0322000012 -731778.2936000004 -1121137.7558999993 1
-732910.5604999997 -1118134.3205999993 -734927.5280999988 -1112999.3143999986 1
-732910.5604999997 -1118134.3205999993 -731778.2936000004 -1121137.7558999993 1
-734927.5280999988 -1112999.3143999986 -732910.5604999997 -1118134.3205999993 1
-734927.5280999988 -1112999.3143999986 -734111.6154999994 -1109536.8570000008 1
-731778.2936000004 -1121137.7558999993 -732091.8077000007 -1125344.0322000012 1
-731778.2936000004 -1121137.7558999993 -732910.5604999997 -1118134.3205999993 1
-734111.6154999994 -1109536.8570000008 -733572.8641000018 -1104953.110199999 1
-734111.6154999994 -1109536.8570000008 -734927.5280999988 -1112999.3143999986 1
-733572.8641000018 -1104953.110199999 -734111.6154999994 -1109536.8570000008 1
-728601.3933999985 -1060829.2850000001 -724933.1292000003 -1064564.8984000012 1
-728601.3933999985 -1060829.2850000001 -730739.5245000012 -1057481.6579999998 1
-730739.5245000012 -1057481.6579999998 -728601.3933999985 -1060829.2850000001 1
-730739.5245000012 -1057481.6579999998 -731092.3306999989 -1056886.3731000014 1
-731092.3306999989 -1056886.3731000014 -730739.5245000012 -1057481.6579999998 1
-731092.3306999989 -1056886.3731000014 -731304.3231999986 -1056542.6713999994 1
-731304.3231999986 -1056542.6713999994 -731092.3306999989 -1056886.3731000014 1
-731304.3231999986 -1056542.6713999994 -732541.7666000016 -1054849.5207000002 1
-732541.7666000016 -1054849.5207000002 -733850.570700001 -1053464.2853000015 1
-732541.7666000016 -1054849.5207000002 -731304.3231999986 -1056542.6713999994 1
-808128.7655999996 -1071285.3773999996 -812612.8136 -1072241.0302999988 1
-808128.7655999996 -1071285.3773999996 -797170.4554999992 -1068873.800999999 1
-797170.4554999992 -1068873.800999999 -789868.1372999996 -1064121.8603000008 1
-797170.4554999992 -1068873.800999999 -808128.7655999996 -1071285.3773999996 1
-812612.8136 -1072241.0302999988 -819027.2078999989 -1075023.664999999 1
-812612.8136 -1072241.0302999988 -813231.9367999993 -1072155.6717999987 1
-812612.8136 -1072241.0302999988 -808128.7655999996 -1071285.3773999996 1
-789868.1372999996 -1064121.8603000008 -783521.193599999 -1061913.9730999991 1
-789868.1372999996 -1064121.8603000008 -797170.4554999992 -1068873.800999999 1
-783521.193599999 -1061913.9730999991 -789868.1372999996 -1064121.8603000008 1
-783521.193599999 -1061913.9730999991 -778303.189199999 -1058853.4437000006 1
-778303.189199999 -1058853.4437000006 -773564.8136 -1055796.5168000013 1
-778303.189199999 -1058853.4437000006 -783521.193599999 -1061913.9730999991 1
-813231.9367999993 -1072155.6717999987 -812612.8136 -1072241.0302999988 1
-840234.2774999999 -1070530.8132000007 -833785.3396999985 -1072537.360100001 1
-840234.2774999999 -1070530.8132000007 -847124.3559999987 -1070433.9046999998 1
-833785.3396999985 -1072537.360100001 -829925.2901000008 -1072919.5434999987 1
-833785.3396999985 -1072537.360100001 -840234.2774999999 -1070530.8132000007 1
-847124.3559999987 -1070433.9046999998 -840234.2774999999 -1070530.8132000007 1
-847124.3559999987 -1070433.9046999998 -857559.8020000011 -1066746.3106999993 1
-829925.2901000008 -1072919.5434999987 -824210.5659999996 -1076376.3062000014 1
-829925.2901000008 -1072919.5434999987 -833785.3396999985 -1072537.360100001 1
-824210.5659999996 -1076376.3062000014 -829925.2901000008 -1072919.5434999987 1
-824210.5659999996 -1076376.3062000014 -819538.8803000003 -1076291.1554999985 1
-819538.8803000003 -1076291.1554999985 -824210.5659999996 -1076376.3062000014 1
-819538.8803000003 -1076291.1554999985 -819027.2078999989 -1075023.664999999 1
-819027.2078999989 -1075023.664999999 -812612.8136 -1072241.0302999988 1
-819027.2078999989 -1075023.664999999 -819538.8803000003 -1076291.1554999985 1
-871426.0295000002 -1066718.6422000006 -865038.5863999985 -1063102.4230999984 1
-871426.0295000002 -1066718.6422000006 -885271.6565999985 -1071634.6152999997 1
-865038.5863999985 -1063102.4230999984 -871426.0295000002 -1066718.6422000006 1
-865038.5863999985 -1063102.4230999984 -857559.8020000011 -1066746.3106999993 1
-857559.8020000011 -1066746.3106999993 -865038.5863999985 -1063102.4230999984 1
-857559.8020000011 -1066746.3106999993 -847124.3559999987 -1070433.9046999998 1
-885271.6565999985 -1071634.6152999997 -871426.0295000002 -1066718.6422000006 1
-762780.7177999988 -1050832.131099999 -754104.6097999997 -1045755.9701999985 1
-762780.7177999988 -1050832.131099999 -770207.9290000014 -1053867.7166000009 1
-754104.6097999997 -1045755.9701999985 -762780.7177999988 -1050832.131099999 1
-746845.8859999999 -1017317.5964000002 -743654.8088000007 -1024990.6590999998 1
-746845.8859999999 -1017317.5964000002 -751781.9761999995 -1007174.2919000015 1
-751781.9761999995 -1007174.2919000015 -746845.8859999999 -1017317.5964000002 1
-751781.9761999995 -1007174.2919000015 -754756.6966999993 -1001911.0212999992 1
-754756.6966999993 -1001911.0212999992 -751781.9761999995 -1007174.2919000015 1
-754756.6966999993 -1001911.0212999992 -761161.0018000007 -994795.0670000017 1
-764673.2342999987 -991821.0665000007 -763434.2853000015 -992917.7347999997 1
-764673.2342999987 -991821.0665000007 -765616.6083000004 -990495.0573999994 1
-765616.6083000004 -990495.0573999994 -765777.9917000011 -990131.3693999983 1
-765616.6083000004 -990495.0573999994 -764673.2342999987 -991821.0665000007 1
-761161.0018000007 -994795.0670000017 -763434.2853000015 -992917.7347999997 1
-761161.0018000007 -994795.0670000017 -754756.6966999993 -1001911.0212999992 1
-763434.2853000015 -992917.7347999997 -764673.2342999987 -991821.0665000007 1
-763434.2853000015 -992917.7347999997 -761161.0018000007 -994795.0670000017 1
-764304.2611999996 -977096.061999999 -766453.5628000014 -972500.499400001 1
-764304.2611999996 -977096.061999999 -767002.632100001 -980586.2430000007 1
-766453.5628000014 -972500.499400001 -764304.2611999996 -977096.061999999 1
-766453.5628000014 -972500.499400001 -762663.8838 -968887.5775999986 1
-762663.8838 -968887.5775999986 -766453.5628000014 -972500.499400001 1
-762663.8838 -968887.5775999986 -768777.9948000014 -961191.8161000013 1
-767002.632100001 -980586.2430000007 -764304.2611999996 -977096.061999999 1
-765777.9917000011 -990131.3693999983 -765616.6083000004 -990495.0573999994 1
-730482.4653000012 -1043338.9213999994 -730932.1884999983 -1043002.3341000006 1
-730482.4653000012 -1043338.9213999994 -730170.8231999986 -1043463.3271000013 1
-730170.8231999986 -1043463.3271000013 -722198.433600001 -1041870.7412 1
-730170.8231999986 -1043463.3271000013 -730482.4653000012 -1043338.9213999994 1
-738394.0170000009 -1034774.0298000015 -739123.7289000005 -1033750.4356000014 1
-739123.7289000005 -1033750.4356000014 -738394.0170000009 -1034774.0298000015 1
-739123.7289000005 -1033750.4356000014 -743654.8088000007 -1024990.6590999998 1
-743654.8088000007 -1024990.6590999998 -739123.7289000005 -1033750.4356000014 1
-743654.8088000007 -1024990.6590999998 -746845.8859999999 -1017317.5964000002 1
-722198.433600001 -1041870.7412 -712076.3403000012 -1041579.4754999988 1
-722198.433600001 -1041870.7412 -730170.8231999986 -1043463.3271000013 1
-712076.3403000012 -1041579.4754999988 -705411.4710000008 -1044458.8702999987 1
-712076.3403000012 -1041579.4754999988 -722198.433600001 -1041870.7412 1
-730932.1884999983 -1043002.3341000006 -730482.4653000012 -1043338.9213999994 1
-738626.8082999997 -1049492.705600001 -737560.4387999997 -1051047.325100001 1
-737560.4387999997 -1051047.325100001 -733850.570700001 -1053464.2853000015 1
-737560.4387999997 -1051047.325100001 -738626.8082999997 -1049492.705600001 1
-733850.570700001 -1053464.2853000015 -732541.7666000016 -1054849.5207000002 1
-733850.570700001 -1053464.2853000015 -737560.4387999997 -1051047.325100001 1
-705411.4710000008 -1044458.8702999987 -696244.1999000013 -1045432.1682000011 1
-705411.4710000008 -1044458.8702999987 -712076.3403000012 -1041579.4754999988 1
-696244.1999000013 -1045432.1682000011 -705411.4710000008 -1044458.8702999987 1
-696244.1999000013 -1045432.1682000011 -692480.3249999993 -1046278.8344999999 1
-692480.3249999993 -1046278.8344999999 -696244.1999000013 -1045432.1682000011 1
-692480.3249999993 -1046278.8344999999 -689793.7787999995 -1046554.5326000005 1
-689793.7787999995 -1046554.5326000005 -692480.3249999993 -1046278.8344999999 1
-689793.7787999995 -1046554.5326000005 -681285.3315999992 -1047260.4862000011 1
-681285.3315999992 -1047260.4862000011 -689793.7787999995 -1046554.5326000005 1
-681285.3315999992 -1047260.4862000011 -670283.2358999997 -1047718.4189000018 1
-670283.2358999997 -1047718.4189000018 -681285.3315999992 -1047260.4862000011 1
-670283.2358999997 -1047718.4189000018 -664118.5355999991 -1047890.8654999994 1
-664118.5355999991 -1047890.8654999994 -655978.9851999991 -1048534.7895000018 1
-664118.5355999991 -1047890.8654999994 -670283.2358999997 -1047718.4189000018 1
-655978.9851999991 -1048534.7895000018 -646751.2668000013 -1046261.9156999998 1
-655978.9851999991 -1048534.7895000018 -664118.5355999991 -1047890.8654999994 1
-646751.2668000013 -1046261.9156999998 -655978.9851999991 -1048534.7895000018 1
-768777.9948000014 -961191.8161000013 -762663.8838 -968887.5775999986 1
